0.06888096612188652
-0.8381052035336424
1.2536900487169547
-0.004909486759326801
0.08232173030768021
-0.008531277426466892
1.0489319537643595
-0.7538281773175958
0.8052281597406491
-0.3844632207423856
-0.23992383433329995
-0.0636426116392923
0.19967543135197896
0.61035379509547
0.37859947224999047
0.017788339463161724
-0.011050219055018254
-0.004393428550528929
0.10597527290509019
0.0040508906963833075
-0.0016792970913422345
0.23566046225418538
0.0889336268970156
0.04138834709876858
-0.8529030360326307
-0.023080875481136257
0.009685921885918524
0.8014497793419689
0.0904869376070533
0.032044272024792264
0.12433768215891056
-0.3073152175503816
0.16447843681160268
-0.041006811673447684
0.40661989930773196
0.1866998712463194
-0.12815849137721058
-0.09494292242532246
-0.1445034451182626
0.9213494070440691
-0.13265301054949047
0.016614858726314644
-0.6446177324399183
0.47148463683422026
0.15101154448891263
-0.3539426288992648
-0.12999250061102427
0.07296717474130959
1.2340928820343768
0.2432547931441479
-0.048864153403476704
-0.5144237140797892
0.07088500449199304
-0.20555333994396552
0.047161327709005454
-1.2888359640118732
-0.28020869761589695
2.955025310605815
2.687294528042776
4.940623429919356
-1.106697480032125
-1.0149918428444973
2.5375098260937348
-3.050854355253033
-4.482483690129648
-1.2125784318851087
-0.26440344286774076
-0.06681118811399607
0.2298317880682731
0.6407414964573618
0.4294291108157683
-0.00967078876662303
0.016136666729996814
-0.035963143184877276
-0.04902670091896966
0.013885376734988969
-0.02329475109524908
0.004110714722061967
1.2899592788108203
0.13503265202676398
-1.575337353386263
-1.1361414412576738
-2.606299763273403
-0.14225514857221283
-1.3005027939753018
2.707971631146456
2.4355429694675017
-0.26458182516447
0.28431747275350666
-0.01567336501605445
0.603552531623642
-0.8217014523948573
1.2559122161982184
-0.016152841165258218
-0.022970389872010485
-0.027960343767071114
-0.7509429872708069
-0.008310290892780086
0.027855238620770578
0.040214215393336514
1.6171364636009542
-1.3962837774124321
-0.014244391590610642
0.7570905433664327
-0.2240573576305733
0.2772640185318553
0.0945381837072823
0.8417275429545429
-0.9066525983284448
-0.09334858033923264
4.08887758914114
0.7953998649942899
-0.04859175145875636
0.1481985145749843
-1.770211480621896
1.8382108449200818
0.04909344463430917
-3.8037882306700754
0.33157239872339855
-0.8422897607634792
0.0318192745802341
0.0
0.04681369289018422
0.0
0.0
1.3755353617054575
0.1750656714396425
0.14924798653008456
0.2718099231266237
-0.17077940511361075
0.30035519768848523
-0.010142544032027986
-1.1917781578209319
0.03639139354170714
-0.04683316086510646
0.03249476632925818